03154 060793   7 23 M
      2012-09-12 18:39:59  1         15           81           24           00
                                    149          206          232           01
                                     65          182          163          236
                                    252           22          250          183
                                    198           01          155          229
                                    190          160           63
03154 060793   7 23 L
      2012-09-12 19:26:25  1         15           81           24           00
                                    149          206          232           01
                                     65          182          163          236
                                    252           22          250          183
                                    198           01          155          229
                                    190          160           63
03154 060793  13 23 M
      2012-09-12 20:16:10  1         15           81           24           00
                                    149          206          232           01
                                     65          182          163          236
                                    252           22          250          183
                                    198           01          155          229
                                    190          160           63
      2012-09-12 20:19:29  1         47           81           24           00
                                    149          206          232           01
                                     65          182          163          236
                                    252           22          250          183
                                    198           01          155          229
                                    190          160           63
03154 060793   8  3 A
      2012-09-12 20:26:07  1         15           81           24
      2012-09-12 20:32:45  1         15           81           24           00
                                    149          238          236          193
                                    193          182          163          236
                                    252           22          250          183
                                    198           01          155          229
                                    190          160           55
03154 060793   7 23 P
      2012-09-12 20:29:26  1         15           81           24           00
                                    149          206          232           01
                                     65          182          163          236
                                    252           22          250          183
                                    198           01          155          229
                                    190          160           63
03154 060793   7 23 N
      2012-09-12 21:32:27  1         15           81           24           00
                                    149          206          232           01
                                     65          182          163          236
                                    252           22          250          183
                                    198           01          155          229
                                    190          160           63
03154 060793   7 23 P
      2012-09-12 22:08:57  1         15           81           24           00
                                    149          206          232           01
                                     65          182          163          236
                                    252           22          250          183
                                    198           01          155          229
                                    190          160           63
03154 060793   7 23 A
      2012-09-12 22:08:57  1         15           81           24           00
                                    149          206          232           01
                                     65          182          163          236
                                    252           22          250          183
                                    198           01          155          229
                                    190          160           63
03154 060793   7 23 N
      2012-09-12 23:15:17  2         15           81           24           00
                                    149          206          232           01
                                     65          182          163          236
                                    252           22          250          183
                                    198           01          155          229
                                    190          160           63
03154 060798   8 27 M
      2012-09-12 18:43:37  2         26          208          177          170
                                    147          124          200           01
                                     67          139          255          247
                                    251          132           07          192
                                     50           87          236          216
                                     29           01           76          159
                                    215          224           63
03154 060798   8 27 L
      2012-09-12 19:31:14  2         26          208          177          170
                                    147          124          200           01
                                     67          139          255          247
                                    251          132           07          192
                                     50           87          236          216
                                     29           01           76          159
                                    215          224           63
03154 060798   8 27 M
      2012-09-12 20:18:50  1         26          208          177          170
                                    147          124          200           01
                                     67          139          255          247
                                    251          132           07          192
                                     50           87          236          216
                                     29           01           76          159
                                    215          224           63
03154 060798   8 27 A
      2012-09-12 20:32:26  2         26          208          177          170
                                    147          124          200           01
                                     67          139          255          247
                                    251          132           07          192
                                     50           87          236          216
                                     29           01           76          159
                                    215          224           63
03154 060798   8 27 L
      2012-09-12 21:06:26  1         26          208          177          170
                                    147          124          200           01
                                     67          139          255          247
                                    251          132           07          192
                                     50           87          236          216
                                     29           01           76          159
                                    215          224           63
03154 060798  15 27 N
      2012-09-12 21:26:50  1         26          208          177          170
                                    147          126          200           01
                                     67          138          223          247
                                    251          132           07          192
                                     50           87          236          216
                                     29           01           76          159
                                    215          224           63
      2012-09-12 21:33:38  1         26          208          177          170
                                    147          124          200           01
                                     67          139          255          247
                                    251          132           07          192
                                     50           71          236          216
                                     29           01           76          159
                                    215          224           63
03154 060798   8 27 P
      2012-09-12 22:11:02  1         26          208          177          170
                                    147           61          200           01
                                     67          139          255          247
                                    251          132           07          192
                                     50           87          236          216
                                     29           01           76          159
                                    215          224           63
03154 060798   8 27 A
      2012-09-12 22:11:02  2         26          208          177          170
                                    147          124          200           01
                                     67          139          255          247
                                    251          132           07          192
                                     50           87          236          216
                                     29           01           76          159
                                    215          224           63
03154 060798   8 27 N
      2012-09-12 23:12:14  1         26          208           49          170
                                    147          125          204           03
                                     99          139          255          247
                                    251          164           06          192
                                     50           87          236          216
                                     29           01           76          151
                                    215          224           63
03154 060800  13 23 M
      2012-09-12 18:40:20  1         15          209           19          124
                                    147          138          191          224
                                    116           12          136           37
                                     20          111          157           53
                                     63           14          111           95
                                    128           00           01
      2012-09-12 18:43:46  1         15          209           19          124
                                    147          138          168           01
                                     64           68          142           39
                                     15          176           72           20
                                     01          199          160          160
                                    127          255          255
03154 060800   7 23 A
      2012-09-12 18:50:38  1         15          209           19          124
                                    147          138          168           01
                                     64           68          142           39
                                     15          176           72           20
                                     01          199          160          160
                                    127          255          255
03154 060800  13 23 L
      2012-09-12 19:24:58  1         15          209           19          124
                                    147          138          168           01
                                     64           68          142           39
                                     15          176           72           20
                                     01          199          160          160
                                    127          255          255
      2012-09-12 19:28:24  1         15          209           19          124
                                    147          138          168           01
                                     64           68          142           39
                                     15          176           72           20
                                     01          199          160          160
                                    127          255          191
03154 060800   7 23 M
      2012-09-12 20:23:20  2         15          209           19          124
                                    147          138          168           01
                                     64           68          142           39
                                     15          176           72           20
                                     01          199          160          160
                                    127          255          255
03154 060800   7 23 A
      2012-09-12 20:30:12  1         15          209           19          124
                                    147          138          168           01
                                     64           68          142           39
                                     15          176           72           20
                                     01          199          160          160
                                    127          255          255
03154 060800   7 23 L
      2012-09-12 21:07:58  1         15          209           19          124
                                    147          138          168           01
                                     64           68          142           39
                                     15          176           72           20
                                     01          199          160          160
                                    127          255          255
03154 060800   7 23 P
      2012-09-12 22:09:46  2         15          209           19          124
                                    147          138          168           01
                                     64           68          142           39
                                     15          176           72           20
                                     01          199          160          160
                                    127          255          255
03154 060800   7 23 A
      2012-09-12 22:13:12  2         15          209           19          124
                                    147          138          168           01
                                     64           68          142           39
                                     15          176           72           20
                                     01          199          160          160
                                    127          255          255
03154 060800   7 23 N
      2012-09-12 23:11:34  2         15          209           19          124
                                    147          138          168           01
                                     64           68          142           39
                                     15          176           72           20
                                     01          199          160          160
                                    127          255          255
03154 060807   8 27 M
      2012-09-12 18:37:08  1         53           80           18           18
                                    145          104          184           01
                                     65          192          106          189
                                     76           11           63           79
                                    226          193          203          255
                                    255          255          244          193
                                     79          239           66
03154 060807   8 27 A
      2012-09-12 20:30:45  1         53           80           18           18
                                    145          104          184           01
                                     65          192          106          189
                                     76           11           63           79
                                    226          193          203          255
                                    255          255          244          193
                                     79          239           66
03154 060807   8 27 P
      2012-09-12 22:10:09  1         53           80           18           18
                                    145          104          184           01
                                     65          192          106          157
                                     76           11           63           79
                                    226          193          203          255
                                    255          255          244          193
                                     79          239           66
03154 060807   8 27 A
      2012-09-12 22:10:09  2         53           80           18           18
                                    145          104          184           01
                                     65          192          106          189
                                     76           11           63           79
                                    226          193          203          255
                                    255          255          244          193
                                     79          239           66
03154 105420   5 15 M
      2012-09-12 18:43:07  2         20          207          218           72
                                    147           77          200           01
                                     64           40           20          171
                                    252          124           11
03154 105420   5 15 A
      2012-09-12 18:49:39  1         20          207          218           72
                                    147           77          200           01
                                     64           40           20          171
                                    252          124           11
03154 105420   5 15 L B 2012-09-12 19:23:56  60.332  202.254  0.198 401641821
      2012-09-12 19:25:35  2         20          207          218           72
                                    147           77          200           01
                                     64           40           20          171
                                    252          124           11
03154 105420  13 31 P 1 2012-09-12 20:29:16  60.332  202.219  0.198 401641821
      2012-09-12 20:27:39  1         20          206          218           72
                                    131           77          200           01
                                     80           40           20          171
                                    252          124           09           24
                                    235           35           88          101
                                    103          122          176          115
                                     15          138           35           05
                                    157          199           50
      2012-09-12 20:34:11  3         20          207          218           72
                                    147           77          200           01
                                     64           40           20          171
                                    252          124           11
03154 105420   5 15 A
      2012-09-12 20:34:11  4         20          207          218           72
                                    147           77          200           01
                                     64           40           20          171
                                    252          124           11
03154 105420   9 15 L B 2012-09-12 21:06:50  60.106  202.442  0.198 401641821
      2012-09-12 21:03:35  1         20          207          218           72
                                    147           77          200           01
                                     64           40           20          171
                                    252          124           11
      2012-09-12 21:10:07  1         20          202          194          200
                                    122          173           55          241
                                     64           41          153           25
                                    153          153           29
03154 105420   5 15 N A 2012-09-12 21:32:58  60.158  202.223  0.230 401641825
      2012-09-12 21:36:15  3         20          207          218           72
                                    147           77          200           01
                                     64           40           20          171
                                    252          124           11
03154 105420   5 15 M
      2012-09-12 21:52:35  1         20          207          202           72
                                    147           77          200           01
                                     64           40           20          171
                                    252          124           11
03154 105420   5 15 A B 2012-09-12 22:07:16  60.274  202.680  0.198 401641821
      2012-09-12 22:08:55  2         20          207          218           72
                                    147           77          200           01
                                     64           40           20          171
                                    252          124           11
03154 105420   5 15 P A 2012-09-12 22:08:54  60.254  202.721  0.115 401641825
      2012-09-12 22:12:11  3         20          207          218           72
                                    147           77          200           01
                                     64           40           20          171
                                    252          124           11
03154 105420   5 15 L B 2012-09-12 22:43:12  60.279  202.691  0.198 401641821
      2012-09-12 22:44:51  2         20          207          218           72
                                    147           77          200           01
                                     64           40           20          171
                                    252          124           11
03154 105420   9 15 N B 2012-09-12 23:12:36  60.385  202.653  0.198 401641821
      2012-09-12 23:10:59  1         20          207           31           72
                                    147           77          200           01
                                     64           40           20          171
                                    252          124           11
      2012-09-12 23:14:15  1         20          207          218           72
                                    147           77          200           01
                                     64           40           20          171
                                    252          124           11
03154 105420   5 15 K
      2012-09-12 23:27:19  1         20          207          218           72
                                    147           77          200           01
                                     64           40           20          171
                                    252           92           11
03154 105421   8 27 M
      2012-09-12 18:43:16  2        118          209           13           34
                                    149          130          151          249
                                     01           80           08           54
                                     03          202           11          144
                                     40          136           17          196
                                     24          191           79          159
                                     83          208           63
03154 105421   8 27 A
      2012-09-12 18:49:52  1        118          209           13           34
                                    149          130          151          249
                                     01           82           08           54
                                     03          202           11          144
                                     40          136           17          196
                                     24          191           79          159
                                     83          208           63
03154 105421   8 27 L
      2012-09-12 19:22:52  1        118          209           13           34
                                    149          130          151          249
                                     01           80           08           54
                                     03          202           11          144
                                     40          136           17          196
                                     24          191           79          159
                                     83          208           63
03154 105421   8 27 M
      2012-09-12 20:15:40  1        118          209           13           34
                                    149          130          151          249
                                     01           80           08           54
                                     03          202           11          144
                                     40          136           17          196
                                     24          191           79          159
                                     83          208           63
03154 105421   8 27 L
      2012-09-12 21:05:10  1        118          209           13           34
                                    149          130          151          249
                                     01           80           08           54
                                     03          202           11          144
                                     40          136           17          196
                                     24          191           79          159
                                     83          208           63
03154 105421   8 27 M
      2012-09-12 21:57:58  1        116          209           13           34
                                    149          130          151          249
                                     01           80           08           54
                                     66          202           11          144
                                     45          128           17          196
                                     24          151           77          159
                                     83          208           63
03154 105421   8 27 P
      2012-09-12 22:04:34  1        118          209           13           34
                                    149          130          151          249
                                     01           80           08           54
                                     03          202           11          144
                                     40          136           17          196
                                     24          191           79          159
                                     83          208           63
03154 105421  15 27 A
      2012-09-12 22:07:52  1        118          209           13           34
                                    149          130           23          249
                                     01           80           08           54
                                     03          202           11          144
                                     40          136           17          196
                                     24          191           79          159
                                     83          208           63
      2012-09-12 22:11:10  1        118          209           13           34
                                    149          130          151          249
                                     01           80           08           54
                                     03          202           11          144
                                     40          136           17          196
                                     24          191           79          159
                                     83          208           63
03154 105421   8 27 N
      2012-09-12 23:10:34  1        118          209           13           34
                                    149          130          151          249
                                     01           80           08           54
                                     03          202           11          144
                                     40          136           17          196
                                     24          191           79          159
                                     83          208           63
03154 105421   8 27 K
      2012-09-12 23:20:28  1        118          209           13           34
                                    149          130          151          249
                                     01           80           08           54
                                     03          202           11          144
                                     40          136           17          196
                                     24          191           79          159
                                     83          208           63
03154 105423   4 11 M
      2012-09-12 18:37:04  1         80           80          227          130
                                    147          227          151          240
                                    193          255          255
03154 105423   4 11 A
      2012-09-12 18:51:05  2         80           80          227          130
                                    147          227          151          240
                                    193          255          255
03154 105423   4 11 L
      2012-09-12 19:26:05  1         80           80          227          130
                                    147          227          151          240
                                    193          255          255
03154 105423   4 11 A
      2012-09-12 20:32:35  1         80           80          227          130
                                    147          227          151          240
                                    193          255          255
03154 105423   4 11 L
      2012-09-12 21:04:05  1         80           80          227          130
                                    147          227          151          240
                                    193          255          255
03154 105423   4 11 N
      2012-09-12 21:32:05  1         80           80          226          130
                                    147          227          151          240
                                    129          127          223
03154 105423   4 11 P
      2012-09-12 22:10:35  2         80           80          227          130
                                    147          227          151          240
                                    193          255          255
03154 105423   4 11 A
      2012-09-12 22:10:35  1         80           80          227          130
                                    147          227          151          240
                                    193          255          255
03154 105423   4 11 K
      2012-09-12 23:24:05  1         80           80          227          130
                                    147          227          151          240
                                    193          255          255
13154 040412   2  3 M
      2012-09-14 17:54:53  3         00           00           00
13154 040412   2  3 L
      2012-09-14 19:03:00  2         00           00           00