argosdirect@clsamerica.com 
11/29/2012 05:01 AM	To
	NPS_YUGA_WACH_Data@nps.gov
	cc
	
	bcc
	
	Subject
	DS DATA FOR GPS TRANSMITTERS
	
	


09691 095838   9 31 L
      2012-11-27 19:09:03  1         12           03           04          176
                                     76           55          196           24
                                     31          162          113          162
                                     45          131          111          232
                                    183           67          198          162
                                    115          191          234          228
                                    172           04           51          119
                                     02           84          122
09691 095838   9 31 A
      2012-11-27 19:13:36  1         12           03           04          176
                                     76           55          196           24
                                     31          162          113          162
                                     45          131          111          232
                                    191           67          198          162
                                    115          191          250          228
                                    172           04           51          119
                                     02           84          122
09691 095838  17 31 K A 2012-11-27 19:18:54  65.756  198.748  0.532 401629865
      2012-11-27 19:16:38  1         12           03           04          176
                                     76           54          196           24
                                     31          162          113          162
                                     45          131          111          232
                                    191           67          199          162
                                    115          191          234          228
                                    172           04           51          215
                                    130           84          122
      2012-11-27 19:19:40  2         12           03           04          176
                                     76           55          196           24
                                     31          162          113          162
                                     45          131          111          232
                                    191           67          198          162
                                    115          191          234          228
                                    172           04           51          119
                                     02           84          122
09691 095838   9 31 N B 2012-11-27 19:24:12  65.756  198.750  0.530 401629864
      2012-11-27 19:24:13  1         12           03           04          176
                                     76           55          196           24
                                     31          162          113          162
                                     45          131          111          232
                                    191           67          198          162
                                    115          191          234          228
                                    172           04           51          119
                                     02           84          122
09691 095838   9 31 M B 2012-11-27 20:18:03  65.761  198.750  0.552 401629864
      2012-11-27 20:18:49  2         12           03           04          176
                                     76           55          196           24
                                     31          162          113          162
                                     45          131          111          232
                                    191           67          198          162
                                    115          191          234          228
                                    172           04           51          119
                                     02           84          122
09691 095838  17 31 P A 2012-11-27 20:21:50  65.762  198.729  0.543 401629857
      2012-11-27 20:21:51  2         12           03           04          176
                                     76           55          196           24
                                     31          162          113          162
                                     45          131          111          232
                                    191           67          198          162
                                    115          191          234          228
                                    172           04           51          119
                                     02           84          122
      2012-11-27 20:23:22  1         12           03           04          176
                                     76           55          196           24
                                     31          162          115          162
                                     45          131          111          232
                                    191           67          198          162
                                    115          191          234          228
                                    172           04           51          119
                                     02           84          122
09691 095838  17 31 L B 2012-11-27 20:52:10  65.763  198.728  0.533 401629843
      2012-11-27 20:52:11  1         12           03           04          176
                                     76           55          196           08
                                     31          162          113          162
                                     45          131          111          232
                                    191           67          198          162
                                    115          191          234          228
                                    172           04           51          119
                                     02           84          122
      2012-11-27 20:53:42  1         12           03           04          176
                                     76           55          196           24
                                     31          162          113          162
                                     45          139          111          232
                                    191           67          198          162
                                    115          191          234          228
                                    172           04           51          119
                                     02           84          122

									 
argosdirect@clsamerica.com 
12/03/2012 05:00 AM	To
	NPS_YUGA_WACH_Data@nps.gov
	cc
	
	bcc
	
	Subject
	DS DATA FOR GPS TRANSMITTERS
	
	


09691 095838   9 31 K
      2012-12-02 18:59:58  1         12           19          127          112
                                     76           55           86          110
                                     26          111          162           90
                                    247          160           99           39
                                    177           59           52           37
                                     24          168           20           91
                                     62          228          140          192
                                     00           00          140
09691 095838   9 31 L
      2012-12-02 19:48:30  1         12           19          127          112
                                     76           55           86          110
                                     26          111          162           90
                                    247          160           99           39
                                    177           59           52           37
                                     24          138           20           91
                                     62          228          140          192
                                     00           00          140
09691 095838   9 31 M 3 2012-12-02 20:00:07  65.726  198.504  0.284 401629897
      2012-12-02 20:03:40  4         12           19          127          112
                                     76           55           86          110
                                     26          111          162           90
                                    247          160           99           39
                                    177           59           52           37
                                     24          168           20           91
                                     62          228          140          192
                                     00           00          140
09691 095838   9 31 N B 2012-12-02 20:06:41  65.726  198.505  0.284 401629896
      2012-12-02 20:06:42  1         12           19          127          112
                                     76           55           86          110
                                     27          111          162           90
                                    247          160           99           39
                                    177           59           52           37
                                     24          168           20           91
                                     62          228          172          192
                                     00           00          140
09691 095838   9 31 K B 2012-12-02 20:35:30  65.727  198.505  0.284 401629901
      2012-12-02 20:35:31  1         12           19          127          112
                                     76           55           86          110
                                     26          111          162           90
                                    247          160           99           39
                                    177           59           52           37
                                     24          168           20           91
                                     62          228          140          192
                                     00           00          140
09691 095838  17 31 A 3 2012-12-02 20:52:57  65.721  198.504  0.279 401629901
      2012-12-02 20:55:14  5         12           19          127          112
                                     76           55           86          110
                                     26          111          162           90
                                    247          160           99           39
                                    177           59           52           37
                                     24          168           20           91
                                     62          228          140          192
                                     00           00          140
      2012-12-02 20:56:45  1         12           19          127          112
                                     76           55           87          110
                                     26          111          162           90
                                    247          160           99           39
                                    177           59           52           37
                                     24          168           20           91
                                     62          228          140          192
                                     00           00          140
09691 095838  25 31 P 3 2012-12-02 21:07:04  65.723  198.507  0.283 401629900
      2012-12-02 21:02:49  1         12           19          127          112
                                     76           55           86          110
                                     26          111          162           90
                                    247          160           99           39
                                    177           59           60           37
                                     24          168           20           91
                                     62          228          140          192
                                     00           00          140
      2012-12-02 21:05:51  1         12           19          127          112
                                     76           39           86          110
                                     26          111          162           90
                                    247          160           99           39
                                    177           59           52           37
                                     24          168           20           91
                                     62          228          140          192
                                     00           00          140
      2012-12-02 21:13:27  4         12           19          127          112
                                     76           55           86          110
                                     26          111          162           90
                                    247          160           99           39
                                    177           59           52           37
                                     24          168           20           91
                                     62          228          140          192
                                     00           00          140
09691 095838  25 31 L 2 2012-12-02 21:27:06  65.720  198.503  0.280 401629898
      2012-12-02 21:27:06  1         12           19          127          112
                                     76           55           86          110
                                     26          111          162           90
                                    247          160           99           39
                                    177           59           52           37
                                     24          168           20           83
                                    156          227           24          231
                                     57          206          114
      2012-12-02 21:31:40  2         12           19          127          112
                                     76           55           86          110
                                     26          111          162           90
                                    247          160           99           39
                                    177           59           52           37
                                     24          168           20           91
                                     62          228          140          192
                                     00           00          140
      2012-12-02 21:34:42  1         12           19          127          112
                                     76           55           86          110
                                     26          111          162           90
                                    247          160           99           39
                                    177           59           52           37
                                     88          168           20           91
                                     62          228          140          192
                                     00           00          140
09691 095838   9 31 M B 2012-12-02 21:36:58  65.721  198.506  0.286 401629900
      2012-12-02 21:37:44  2         12           19          127          112
                                     76           55           86          110
                                     26          111          162           90
                                    247          160           99           39
                                    177           59           52           37
                                     24          168           20           91
                                     62          228          140          192
                                     00           00          140
09691 095838   9 31 N 2 2012-12-02 21:44:33  65.723  198.500  0.268 401629899
      2012-12-02 21:48:22  5         12           19          127          112
                                     76           55           86          110
                                     26          111          162           90
                                    247          160           99           39
                                    177           59           52           37
                                     24          168           20           91
                                     62          228          140          192
                                     00           00          140
09691 095838  17 31 K A 2012-12-02 22:12:38  65.720  198.499  0.273 401629901
      2012-12-02 22:12:38  2         12           19          127          112
                                     76           55           86          110
                                     26          111          162           90
                                    247          160           99           39
                                    177           59           52           37
                                     24          168           20           91
                                     62          228          140          192
                                     00           00          140
      2012-12-02 22:14:09  1         04           19          127          112
                                     76           55           86          110
                                     26          111          162           90
                                    247          160           99           23
                                    177           59           52           37
                                     24          168           20           91
                                     62          228          136          192
                                     00           00          140
09691 095838  25 31 A A 2012-12-02 22:33:51  65.720  198.502  0.275 401629900
      2012-12-02 22:32:21  1         12           19          127          112
                                     76           55           86          110
                                     26          111          162           90
                                    247          160           99           39
                                    177           59           52           37
                                     24          168           20           91
                                     62          228          140          192
                                     00           00          140
      2012-12-02 22:33:52  1         12           19          127          112
                                     76           55           86          110
                                     26          111          162           90
                                    247          160           99           39
                                    181           27           52           37
                                     24          168           52           91
                                     54          230          172          194
                                     34           31          114
      2012-12-02 22:35:23  1         12           19          126          112
                                     76           63           86          110
                                     24          111          162           90
                                    247          160           99           39
                                    177           59           52           37
                                     24          168           20           91
                                     62          228          140          192
                                     00           00          140
09691 095838   9 31 P B 2012-12-02 22:49:01  65.721  198.502  0.273 401629904
      2012-12-02 22:49:02  1         12           19          127          112
                                     76           55           86          110
                                     26          111          162           90
                                    247          160           99           39
                                    177           59          180           37
                                     24          168           20           91
                                     62          228          140          192
                                     00           00          140
09691 107195  17 31 K B 2012-12-02 19:00:45  67.510  196.752  0.131 401630003
      2012-12-02 19:00:01  1         11          254          244          161
                                    200          250          180          146
                                     26           79          138          168
                                    110          241           09           33
                                     29          177          174          189
                                    183           33          196          216
                                    211          143          121          255
                                    154           00          216
      2012-12-02 19:01:31  1         12           02          232          162
                                     08          248          180           16
                                     25          236          122           48
                                    193          173          252          194
                                     88          195          175           10
                                    245          126           36          114
                                    163          179           68           00
                                     00           00           85
09691 107195  25 31 A A 2012-12-02 19:11:00  67.610  196.481  0.319 401630030
      2012-12-02 19:09:01  1         12           21           93          162
                                     72          247          253           42
                                     23           80           82          176
                                    152          175           18           39
                                     57           19          152           52
                                    144           76           56          158
                                     01           25          223          175
                                     00           00           33
      2012-12-02 19:10:31  1         12           25           82           34
                                     72          247          233          180
                                     23          200           98           48
                                    214          184          121           32
                                    197          157          109           20
                                    186          252           02          197
                                     27          248          220           00
                                     00           00           56
      2012-12-02 19:13:31  1         12           33           59           34
                                     72          248           11          220
                                     23          137           02          181
                                    255           62          222          192
                                     30          255           14          213
                                     95           35          169          227
                                     25           48           53           21
                                     00           00           22
09691 107195  17 31 P B 2012-12-02 19:27:45  67.610  196.479  0.311 401630025
      2012-12-02 19:27:01  1         12           28          149          226
                                     72          249           08           34
                                     31          151          210          240
                                     93          250           16           50
                                    209           96          244           71
                                     60           07           62          216
                                    244          197          249          253
                                    252          188          233
      2012-12-02 19:28:31  1         12           33           59           34
                                     72          248           11          220
                                     23          137           02          177
                                    253           62          222          192
                                     30          255           14          213
                                    223           35          169          227
                                     25           48           53           21
                                     00           00           22
09691 107195  25 31 L A 2012-12-02 19:51:00  67.602  196.505  0.270 401630014
      2012-12-02 19:49:31  1         12           09          128           34
                                     72          248           54          224
                                     24           56          178          112
                                    188           14          153           10
                                    202          239          128          155
                                     77          202          156           39
                                    228           16          174          188
                                    187           64           14
      2012-12-02 19:52:31  1         12           17          105           34
                                     72          247          242           88
                                     23          174          154          176
                                     85           28          218           86
                                    247           95          178          167
                                    164          136           79          114
                                     08          169          115          119
                                     00           00          101
      2012-12-02 19:55:31  1         12           25           82           34
                                     72          247          233          180
                                     23          200           98           48
                                    214          184          121           32
                                    197          157          109           20
                                    186          252           02          197
                                     27          248          220           00
                                     00           00           56
09691 107195  41 31 M 2 2012-12-02 20:02:38  67.607  196.450  0.314 401630006
      2012-12-02 19:55:31  1         12           25           82           34
                                     72          247          233          180
                                     23          200           98           48
                                    214          184          121           32
                                    197          157          109           20
                                    186          252           02          197
                                    155          240          220           00
                                     00           00           56
      2012-12-02 19:58:31  1         12           33           59           34
                                     72          248           11          220
                                     23          137           02          177
                                    253           62          222          192
                                     30          255           14          213
                                    223           35          169          227
                                     25           48           53           21
                                     00           00           22
      2012-12-02 20:01:31  1         12           02          232          162
                                     72          248          180           16
                                     25          236          122           48
                                    193          173          252          194
                                     88          195          175           10
                                    245          126           36          114
                                    163          179           68           00
                                     00           00           85
      2012-12-02 20:04:31  1         12           09          128           34
                                     72          248           54          224
                                     24           56          178          112
                                    188           14          153           10
                                    202          239          128          155
                                     77          202          156           39
                                    228           16          174          188
                                    187           64           14
      2012-12-02 20:06:01  1         12           13          116          162
                                    201           55          251          222
                                     23          154          210           59
                                    139          128           04          203
                                    123           13           26          119
                                    184           90          240           66
                                     63          100           08           19
                                    219          134           08
09691 107195   9 31 N B 2012-12-02 20:09:00  67.603  196.511  0.322 401629991
      2012-12-02 20:09:01  1         12           21           93          162
                                     72          247          253           42
                                     23           80           82          176
                                    152          175           18           39
                                     57           19          152           52
                                    144           76           56          158
                                     00           25          223          175
                                     00           00           33
09691 107195  33 31 A 2 2012-12-02 20:52:30  67.606  196.495  0.311 401629978
      2012-12-02 20:49:31  1         12           09          128           34
                                     72          248           54          224
                                     24           56          178          112
                                    188           14          153           10
                                    202          239          128          155
                                     77          202          156           39
                                    228           16          174          188
                                    187           64           14
      2012-12-02 20:51:01  1         12           13          116          162
                                    201           55          251          222
                                     23          154          210           59
                                    139          128           04          203
                                    123           13           26          119
                                    184           90          240           66
                                     63          100           08           19
                                    219          134           08
      2012-12-02 20:54:01  1         12           21           93          162
                                     72          247          253           42
                                     23           80           82          176
                                    152          175           18           39
                                     57           19          152           52
                                    144           76           56          158
                                     00           25          223          175
                                    128           00          161
      2012-12-02 20:55:31  1         12           25           82           34
                                     72          247          233          180
                                     23          200           98           48
                                    214          184          121           32
                                    197          157          109           20
                                    186          252           02          197
                                     27          248          220           00
                                     00           00           56
09691 107195  25 31 P A 2012-12-02 21:08:15  67.604  196.470  0.258 401629979
      2012-12-02 21:07:31  1         12           17          105           34
                                     72          247          242           88
                                     87          174          146          176
                                     85           28          218           86
                                    243           95          179          167
                                    160           64           79          114
                                     08          237          115          119
                                     00           00           36
      2012-12-02 21:09:01  1         12           21           93          162
                                     72          247          253           42
                                     23           80           82          176
                                    152          175           18           39
                                     57           19          152           52
                                    144           76           56          158
                                     00           25          223          175
                                     00           00           33
      2012-12-02 21:12:01  1         12           28          157          226
                                     72          248           08           34
                                     23          150          210          240
                                     89          242           16           50
                                    193           96          244           69
                                     56           07           62           24
                                    244          193          249          253
                                    252          188          233
09691 107195  49 31 L 2 2012-12-02 21:28:30  67.604  196.505  0.259 401629987
      2012-12-02 21:28:31  1         12           33           59           34
                                     72          248           11          220
                                     23          137           02          177
                                    253           62          222          192
                                     30          255           14          213
                                    223           35          169          227
                                     25           48           53           21
                                     00           00           22
      2012-12-02 21:30:01  1         11          254          244           43
                                    200          238           95          253
                                    184          159           69          151
                                     37          196           36          247
                                     26          242           77          237
                                    185           14           38          198
                                    156          123          206          252
                                     69           06          193
      2012-12-02 21:31:31  1         12           02          232          162
                                     72          248          180           16
                                     25          236          122           48
                                    193          173          252          194
                                     88          195          175           10
                                    245          126           36          114
                                    163          179           68           00
                                     00           00           85
      2012-12-02 21:34:31  1         12           09          128           34
                                     72          248           54          224
                                     24           56          178          112
                                    188           14          153           10
                                    202          255          129          155
                                    109          202          156           39
                                    228           16          174          188
                                    187           64           14
      2012-12-02 21:36:01  1         12           09          116          162
                                    137           55          251          222
                                     23          154          210           59
                                    139          128           04          203
                                    123           13           26          119
                                    184           90          240           66
                                     63          100           08           19
                                    219          134           08
      2012-12-02 21:37:31  1         12          145          105           34
                                     72          247          242           88
                                     23          174          154          176
                                     85           28          218           86
                                    247           94          179          167
                                    160           64           79          114
                                     08          237          115          119
                                     00           00           37
09691 107195  33 31 M 1 2012-12-02 21:36:45  67.607  196.483  0.321 401629986
      2012-12-02 21:34:31  1         12           41           77          253
                                    147          240          201           31
                                    227           79           93           30
                                     07          243          108          245
                                     49           32          254           77
                                    228          102          195          240
                                     54          206           73           67
                                     04           31          113
      2012-12-02 21:36:01  1         12           13          116          162
                                    201           55          251          222
                                     23          154          210           59
                                    139          128           04          203
                                    123           13           26          119
                                    184           90          240           66
                                     63          100           08           19
                                    219          134           08
      2012-12-02 21:37:31  1         12           17          105           34
                                     72          247          242           88
                                     23          174          154          176
                                     85           28          218           86
                                    247           95          179          167
                                    160           64           79          114
                                     08          237          115          119
                                     00           00           37
      2012-12-02 21:39:01  1         12           61           93          162
                                     72          247          249          139
                                    241          174          164           48
                                    158          188           72          156
                                    228           78          104          244
                                    183          158           33           07
                                    191           57           00           23
                                    127          102          249
09691 107195  17 31 N B 2012-12-02 21:44:15  67.604  196.504  0.265 401629989
      2012-12-02 21:43:31  1         12           33           59           34
                                     72          248           11          220
                                     23          137           02          177
                                    253           62          222          192
                                     30          255           14          213
                                    223           35          169          227
                                     25           48           53           21
                                     00           00           22
      2012-12-02 21:45:01  1         11          254          244           33
                                    200          248          176          146
                                     26           79          138          168
                                    110          241           09           33
                                     29          177          174          189
                                    183           33          196          216
                                    211          143          121          255
                                    152           00          216
09691 107195  17 31 K B 2012-12-02 22:13:30  67.610  196.517  0.236 401630000
      2012-12-02 22:12:01  1         12           28          157          226
                                     72          248           08           34
                                     23          150          210          240
                                     89          242           16           50
                                    193           96          244           69
                                     56           07           62           24
                                    244          193          249          253
                                    252          188          233
      2012-12-02 22:15:01  1         11          254          244           33
                                    200          248          176          146
                                     26           79          138          168
                                    110          241           09           33
                                     29          177          174          189
                                    183           33          196          216
                                    211          143          121          255
                                    152           00          216
09691 107195  49 31 A 2 2012-12-02 22:27:00  67.602  196.535  0.214 401630007
      2012-12-02 22:27:01  1         12           28          157          226
                                     72          248           08           34
                                     23          150          210          240
                                     89          242           16           51
                                    193           96          244           69
                                     56           07           62           24
                                    244          193          249          253
                                    252          188          233
      2012-12-02 22:28:31  1         12           33           59           34
                                     72          248           11          220
                                     23          137           02          177
                                    253           62          222          192
                                     30          255           14          213
                                    223           35          169          227
                                     25           48           53           21
                                     00           00           22
      2012-12-02 22:30:01  1         11          254          244           33
                                    200          248          176          146
                                     26           79          138          168
                                    110          241           09           33
                                     29          177          174          189
                                    183           33          196          216
                                    211          143          121          255
                                    152           00          216
      2012-12-02 22:31:31  1         12           02          232          162
                                     72          248          180           16
                                     25          236          122           48
                                    193          173          252          194
                                     88          195          175           10
                                    245          126           36          114
                                    163          179           68           00
                                     00           00           85
      2012-12-02 22:34:31  1         12           09          128           34
                                     72          248           54          224
                                     24           56          178          112
                                    188           14          153           10
                                    202          239          128          155
                                     77          202          156           39
                                    228           16          174          188
                                    187           64           14
      2012-12-02 22:36:01  1         12           01          116          130
                                    193          119          251          220
                                     31          101           45          198
                                     67           10           58           60
                                    113          237           01           70
                                     31          155          217           90
                                     60           36          224          149
                                    143          254           53
09691 107195  33 31 P 1 2012-12-02 22:47:15  67.610  196.539  0.230 401630015
      2012-12-02 22:45:01  1         11          254          244           33
                                    200          248          176          146
                                     26           79          138          168
                                    110          241           09           33
                                     29          177          174          189
                                    183           33          196          216
                                    211          143          121          255
                                    152           00          216
      2012-12-02 22:46:31  1         12           02          232          162
                                     72          248          180           16
                                     25          236          122           48
                                    193          173          252          194
                                     88          195          175           10
                                    245          126           36          114
                                    163          179           68           00
                                     00           00           85
      2012-12-02 22:48:01  1         12           06           52           98
                                    201           56           84          102
                                     24          237          162           17
                                    238          104          212          242
                                    135           99          158           03
                                    129          235           32           40
                                    143          219           80           07
                                     31          240          193
      2012-12-02 22:49:31  1         12           09          128           34
                                     72          248           54          224
                                     24           56          178          112
                                    188           14          153           10
                                    202          239          128          155
                                     77          202          156           39
                                    228           16          174          188
                                    187           64           14
09691 107199  33 31 A 3 2012-12-02 19:10:35  65.798  199.563  0.127 401634164
      2012-12-02 19:07:51  1         12           24           00          162
                                    201           55          101          166
                                     27          224          234          179
                                    250          192           64           12
                                     13          204          191           44
                                     82          130          125          159
                                     40           36          130           39
                                     00           00          250
      2012-12-02 19:09:25  1         12           16           23          161
                                    200          247          105           08
                                     27          179           98          185
                                    215          124           80          233
                                    254          178          124          241
                                     64           48          183          172
                                     31           73           02           96
                                     00           00          140
      2012-12-02 19:10:59  1         12           12          203          226
                                     72          247           87          224
                                     27          190          170          144
                                     03           64           17           07
                                    149           18          158           34
                                     47           96           06           00
                                    206          238           68           00
                                     00           00           46
      2012-12-02 19:14:07  1         12           31          233          162
                                     72          247          101           90
                                     27          216           58          241
                                     03          208          115          249
                                     69          169          219           88
                                    227          148          128           08
                                    215           03          184           15
                                    124           52          203
09691 107199  17 31 P B 2012-12-02 19:30:33  65.792  199.561  0.131 401634172
      2012-12-02 19:29:47  1         12           31          233          162
                                     72          247          101           90
                                     27          216           58          241
                                     03          208          115          249
                                     69          169          219           88
                                    227          148          128           08
                                    215           03          184           15
                                    124           52          203
      2012-12-02 19:31:21  1         11          255          156          226
                                     73           55          184          250
                                     28          136          106           17
                                    127           88          172           18
                                    175          155           71           37
                                    189          224          217          186
                                    166           58           42           07
                                     20           00           20
09691 107199  33 31 L 2 2012-12-02 19:50:55  65.795  199.555  0.128 401634164
      2012-12-02 19:50:09  1         12           20           12           34
                                     72          247           98          180
                                     27          215           02          208
                                     02           28           27          146
                                     37          123           82          236
                                    255          236           00          191
                                     67           08           31          224
                                    250          192           22
      2012-12-02 19:51:43  1         12           09          128           35
                                     73          119          103           66
                                     92          167          226           17
                                    111          125          245           90
                                    164           00          159          102
                                     01          251          231          228
                                    111          173           75          183
                                    196           00          178
      2012-12-02 19:54:51  1         12           24           00          162
                                    201           55          101          166
                                     27          224          234          179
                                    250          192           64           76
                                     13          204          191           44
                                     86          130          125          159
                                     40           36          130           39
                                     00           00          250
      2012-12-02 19:56:25  1         12           16           23          161
                                    200          247          105           08
                                     27          179           98          185
                                    215          124           80          233
                                    254          178          124          241
                                     64           48          183          172
                                     31           73           02           96
                                     00           00          140
09691 107199  49 31 M 3 2012-12-02 20:00:35  65.796  199.548  0.128 401634163
      2012-12-02 19:56:25  1         12           16           23          161
                                    200          247          105           08
                                     27          179           98          185
                                    215          124           80          233
                                    254          178          124          241
                                     64           48          183          172
                                     31           73           02           96
                                     00           00          140
      2012-12-02 19:57:59  1         12           12          203          226
                                     72          247           87          224
                                     27          190          170          144
                                     03           64           17           07
                                    149           18          158           34
                                     47           96           06           00
                                    206          238           68           00
                                     00           00           46
      2012-12-02 19:59:33  1         12           06           52           98
                                     72          247          125           14
                                     30          187          250           48
                                    253          158          226          163
                                    116          149           04          159
                                    103          233           80           59
                                    205          160           68           00
                                     00           00          178
      2012-12-02 20:01:07  1         12           31          233          162
                                     72          247          101           90
                                     27          216           58          241
                                     03          208          115          249
                                     69          169          219           88
                                    227          148          128           08
                                    215           03          184           15
                                    124           52          203
      2012-12-02 20:02:41  1         11          255          156          226
                                     73           55          184          250
                                     28          136          106           17
                                    127           88          172           18
                                    175          155           71           37
                                    189          224          217          186
                                    166           58           42           07
                                     20           00           20
      2012-12-02 20:05:49  1         12           20           12           42
                                     72          247           98          180
                                     27          215           02          208
                                     02           28           27          146
                                     37           59          114          236
                                    255          236           00          191
                                     67           08           31          224
                                    250          192           22
09691 107199  33 31 N 1 2012-12-02 20:05:01  65.800  199.554  0.122 401634163
      2012-12-02 20:04:15  1         12           27          245           34
                                     72          247          100           70
                                     27          223          154          232
                                    248          214          232           56
                                    158           42          226          144
                                    118           37           07          150
                                     51           05          179           96
                                     00           00           52
      2012-12-02 20:05:49  1         12           20           12           34
                                     72          247           98          180
                                     27          215           02          208
                                     02           28           27          146
                                     37          123           82          236
                                    255          236           00          191
                                     67           08           31          224
                                    250          192           22
      2012-12-02 20:07:23  1         12           09          128           35
                                     73          119          103           66
                                     28          167          226           17
                                    111          125          245           90
                                    164           00          159          102
                                     01          251          231          228
                                    111          173           75          183
                                    196           00          178
      2012-12-02 20:08:57  1         12           02          232          162
                                     73           55          162          112
                                     30           81          178           16
                                     01           07           15          240
                                    255          250          205           23
                                     00          157           56           01
                                    230           56          147          187
                                    228           00          141
09691 107199  17 31 K B 2012-12-02 20:34:47  65.793  199.537  0.129 401634153
      2012-12-02 20:34:01  1         11          255          156          226
                                     73           55          184          250
                                     28          136          106           17
                                    127           88          172           18
                                    175          155           71           37
                                    189          224          217          186
                                    166           58           42           07
                                     28           00           20
      2012-12-02 20:35:35  1         12           27          245           34
                                     72          247          100           70
                                     27          223          154          232
                                    248          214          232           56
                                    158           42          226          144
                                    118           37           07          150
                                     51           05          179           96
                                     00           00           52

