15559 102698   2  3 M 3 2011-04-14 18:14:49  66.915  208.480  0.208 401653798
      2011-04-14 18:20:49  8         64           00          234
15559 102698   2  3 K 2 2011-04-14 18:37:28  66.916  208.480  0.208 401653799
      2011-04-14 18:38:08  4         64           00          234
15559 102698   2  3 L 3 2011-04-14 18:37:28  66.916  208.477  0.208 401653800
      2011-04-14 18:44:48  9         64           00          234
15559 102698   2  3 A 3 2011-04-14 18:40:48  66.915  208.480  0.208 401653801
      2011-04-14 18:47:28  9         64           00          234
15559 102698   5 15 P 3 2011-04-14 19:05:27  66.914  208.483  0.209 401653802
      2011-04-14 19:12:48  8         10          157           00          111
                                    204           55          202          200
                                     40          130          204           00
                                     00           00           26
15559 102698   5 15 N 3 2011-04-14 19:30:08  66.916  208.485  0.209 401653801
      2011-04-14 19:36:48  8         10          157           00          111
                                    204           55          202          200
                                     40          130          204           00
                                     00           00           26
15559 102698   9 15 M 3 2011-04-14 19:54:24  66.915  208.484  0.209 401653800
      2011-04-14 19:59:28  6         10          157           00          111
                                    204           55          202          200
                                     40          130          204           00
                                     00           00           26
      2011-04-14 20:03:29  2         10          157           00          111
                                    204           55          202          200
                                     40          130          205           34
                                     36           00           66
15559 102698   5 15 K 3 2011-04-14 20:16:08  66.916  208.482  0.209 401653799
      2011-04-14 20:18:09  4         10          157           00          111
                                    204           55          202          200
                                     40          130          205           34
                                     36           00           66
15559 102698   5 15 L 3 2011-04-14 20:17:28  66.915  208.484  0.209 401653800
      2011-04-14 20:22:09  7         10          157           00          111
                                    204           55          202          200
                                     40          130          205           34
                                     36           00           66
15559 102698   5 15 A 3 2011-04-14 20:22:48  66.915  208.482  0.209 401653799
      2011-04-14 20:27:29  8         10          157           00          111
                                    204           55          202          200
                                     40          130          205           34
                                     36           00           66
15559 102698   5 15 P 3 2011-04-14 20:45:28  66.915  208.488  0.210 401653799
      2011-04-14 20:52:49  8         10          157           00          111
                                    204           55          202          200
                                     40          130          205           34
                                     36           00           66
15559 102698   9 15 N 3 2011-04-14 21:10:08  66.914  208.486  0.210 401653798
      2011-04-14 21:06:09  1         10          157           00          111
                                    204           55          194           76
                                     40          130          205           34
                                     33          196           28
      2011-04-14 21:14:09  4         10          157           00          111
                                    204           55          202          200
                                     40          130          205           34
                                     33          196           28
15559 102698   9 15 M 3 2011-04-14 21:34:48  66.913  208.485  0.209 401653799
      2011-04-14 21:36:49  5         10          157           00          111
                                    204           55          202          200
                                     40          130          205           34
                                     33          196           28
      2011-04-14 21:38:09  1         10          157           00          111
                                    204           55          202          200
                                    168          130          205           02
                                     33          196           28
15559 102698   5 15 K 3 2011-04-14 21:53:48  66.914  208.486  0.210 401653800
      2011-04-14 21:56:49  4         10          157           00          111
                                    204           55          202          200
                                     40          130          205           34
                                     33          196           28
15559 102698   5 15 L 3 2011-04-14 21:56:08  66.914  208.485  0.209 401653800
      2011-04-14 21:59:29  4         10          157           00          111
                                    204           55          202          200
                                     40          130          205           34
                                     33          196           28
15559 102698   5 15 A B 2011-04-14 21:58:48  66.913  208.486  0.210 401653800
      2011-04-14 21:59:29  2         10          157           00          111
                                    204           55          202          200
                                     40          130          205           34
                                     33          196           28
15559 102698   2  3 N B 2011-04-15 00:33:20  66.913  208.486  0.210 401653798
      2011-04-15 00:33:20  1         64           00          186
15559 102698   2  3 M A 2011-04-15 00:50:00  66.913  208.487  0.210 401653800
      2011-04-15 00:56:40  3         64           00          186
15559 102698   9 15 K A 2011-04-15 01:13:20  66.914  208.479  0.208 401653803
      2011-04-15 01:10:00  1         10          157           40          136
                                     72          118          194          214
                                    169           02          212          164
                                     08           64          139
      2011-04-15 01:16:40  2         10          157           42          136
                                     72          119          202          198
                                     40          130          196           00
                                     00           00          143
15559 102698   5 15 L B 2011-04-15 01:16:40  66.914  208.479  0.208 401653802
      2011-04-15 01:20:00  2         10          157           42          136
                                     72          119          202          198
                                     40          130          196           00
                                     00           00          143
15559 102698   5 15 A A 2011-04-15 01:18:20  66.914  208.478  0.208 401653802
      2011-04-15 01:23:20  3         10          157           42          136
                                     72          119          202          198
                                     40          130          196           00
                                     00           00          143
15559 102698   5 15 M A 2011-04-15 02:30:00  66.915  208.480  0.208 401653808
      2011-04-15 02:36:40  3         10          157           42          136
                                     72          119          202          198
                                     40          130          196           00
                                     00           00          143
15559 102698   5 15 K B 2011-04-15 02:51:40  66.915  208.480  0.208 401653809
      2011-04-15 02:53:20  2         10          157           42          136
                                     72          119          202          198
                                     40          130          196           00
                                     00           00          143
15559 102698   5 15 A B 2011-04-15 02:58:20  66.916  208.482  0.209 401653809
      2011-04-15 03:00:00  2         10          157           42          136
                                     72          119          202          198
                                     40          130          196           00
                                     00           00          143
15559 102698   5 15 L 3 2011-04-15 02:56:40  66.915  208.483  0.209 401653809
      2011-04-15 03:03:20  4         10          157           42          136
                                     72          119          202          198
                                     40          130          196           00
                                     00           00          143
15559 102698   5 15 M 3 2011-04-15 04:08:20  66.915  208.482  0.209 401653812
      2011-04-15 04:16:40  4         10          157           42          136
                                     72          119          202          198
                                     40          130          196           00
                                     00           00          143
15559 102698   5 15 K B 2011-04-15 04:36:40  66.917  208.483  0.209 401653812
      2011-04-15 04:36:40  1         10          157           42          136
                                     72           55          202          198
                                     40          130          196           00
                                     04           00          143
15559 102698   5 15 A A 2011-04-15 04:36:40  66.917  208.483  0.209 401653812
      2011-04-15 04:40:00  3         10          157           42          136
                                     72          119          202          198
                                     40          130          196           00
                                     00           00          143
15559 102698   5 15 L 3 2011-04-15 04:35:00  66.917  208.489  0.210 401653813
      2011-04-15 04:43:20  4         10          157           42          136
                                     72          119          202          198
                                     40          130          196           00
                                     00           00          143
15559 102699   2  3 M 3 2011-04-14 18:15:10  66.915  208.485  0.209 401654987
      2011-04-14 18:21:11  7         64           00          234
15559 102699   2  3 K 2 2011-04-14 18:37:11  66.915  208.486  0.210 401654986
      2011-04-14 18:38:32  4         64           00          234
15559 102699   2  3 L 3 2011-04-14 18:37:51  66.916  208.478  0.208 401654986
      2011-04-14 18:43:52  8         64           00          234
15559 102699   2  3 A 3 2011-04-14 18:41:11  66.915  208.483  0.209 401654986
      2011-04-14 18:46:32  7         64           00          234
15559 102699   5 15 P 3 2011-04-14 19:06:05  66.914  208.487  0.210 401654987
      2011-04-14 19:10:32  5         10          157           00           84
                                    203          183          202          198
                                     40          130          196           00
                                     00           00          160
15559 102699   5 15 N B 2011-04-14 19:28:32  66.915  208.485  0.209 401654987
      2011-04-14 19:29:12  2         10          157           00           84
                                    203          183          202          198
                                     40          130          196           00
                                     00           00          160
15559 102699   9 15 M 3 2011-04-14 19:55:32  66.913  208.488  0.211 401654988
      2011-04-14 19:58:32  4         10          157           00           84
                                    203          183          202          198
                                     40          130          196           00
                                     00           00          160
      2011-04-14 20:01:13  1         10          157           00           84
                                    203          183          202          198
                                     40          130          197           42
                                     88           00           11
15559 102699   5 15 K A 2011-04-14 20:15:53  66.914  208.489  0.210 401654989
      2011-04-14 20:17:14  3         10          157           00           84
                                    203          183          202          198
                                     40          130          197           42
                                     88           00           15
15559 102699   9 15 L 3 2011-04-14 20:17:53  66.914  208.485  0.209 401654988
      2011-04-14 20:14:34  1         10          157           00           84
                                    202          183          202          198
                                     40          194          197           42
                                     88           00           13
      2011-04-14 20:22:34  5         10          157           00           84
                                    203          183          202          198
                                     40          130          197           42
                                     88           00           15
15559 102699   9 15 A 3 2011-04-14 20:23:13  66.915  208.481  0.208 401654988
      2011-04-14 20:26:34  1         10          157           00          116
                                    203          183          202          198
                                     40          130          197           42
                                     88           00           15
      2011-04-14 20:27:54  7         10          157           00           84
                                    203          183          202          198
                                     40          130          197           42
                                     88           00           15
15559 102699   9 15 P 3 2011-04-14 20:46:33  66.915  208.486  0.210 401654988
      2011-04-14 20:49:14  5         10          157           00           84
                                    203          183          202          198
                                     40          130          197           42
                                     88           00           15
      2011-04-14 20:50:34  1         10          157           00           84
                                    203          183          202          198
                                    168          130          197           40
                                     88           00           15
15559 102699  11 19 N 3 2011-04-14 21:10:34  66.913  208.485  0.209 401654989
      2011-04-14 21:14:34  6         10          157           00           84
                                    203          183          202          198
                                     40          130          196          211
                                    204          169           76           00
                                     00           00          162
      2011-04-14 21:15:54  1         10          157           00           84
                                    203          183          202          198
                                     40          130          196          211
                                    204          169           77           00
                                     00           00          162
15559 102699   6 19 M 3 2011-04-14 21:35:14  66.913  208.486  0.210 401654991
      2011-04-14 21:37:14  4         10          157           00           84
                                    203          183          202          198
                                     40          130          196          211
                                    204          169           76           00
                                     00           00          162
15559 102699  11 19 K 3 2011-04-14 21:55:06  66.913  208.485  0.209 401654995
      2011-04-14 21:57:14  4         10          157           00           84
                                    203          183          202          198
                                     40          130          196          211
                                    204          169           76           00
                                     00           00          162
      2011-04-14 21:58:34  1         14          147           02           84
                                     75          183          206          198
                                     40          134          196          211
                                    204          169           76           00
                                    128          128          147
15559 102699  11 19 L A 2011-04-14 21:56:34  66.912  208.485  0.210 401654996
      2011-04-14 21:57:14  2         10          157           00           84
                                    203          183          202          198
                                     40          130          196          211
                                    204          169           76           00
                                     00           00          162
      2011-04-14 21:58:34  1         10          157           00           52
                                    219           38          201          178
                                    100          201          147           36
                                    146          166           83           96
                                    147          109          150
15559 102699   2  3 N A 2011-04-15 00:35:01  66.916  208.487  0.210 401655002
      2011-04-15 00:36:42  3         64           00          186
15559 102699   2  3 M B 2011-04-15 00:56:48  66.916  208.487  0.210 401655001
      2011-04-15 00:56:48  1         64           00          186
15559 102699   5 15 K A 2011-04-15 01:13:33  66.916  208.490  0.211 401654989
      2011-04-15 01:16:54  3         10          157           42          136
                                     76           55          202          198
                                     40          130          204           00
                                     00           00          172
15559 102699   5 15 L B 2011-04-15 01:16:54  66.915  208.488  0.211 401654989
      2011-04-15 01:16:54  1         10          157           42          136
                                     76           55          200          194
                                     40          146          204           00
                                     00           00          172
15559 102699   9 15 A B 2011-04-15 01:20:15  66.916  208.486  0.210 401654987
      2011-04-15 01:20:15  1         10          157           42          136
                                     74           55          202          230
                                     40          130          204           00
                                     00           08          172
      2011-04-15 01:23:36  1         10          157           42          136
                                     76           55          202          198
                                     40          130          204           00
                                     00           00          172
15559 102699   9 15 A B 2011-04-15 02:59:04  66.916  208.482  0.209 401654987
      2011-04-15 02:57:24  1         10          157           42          136
                                    108           55          202          206
                                     40          130          140           64
                                     00           00          172
      2011-04-15 03:00:45  1         20          170          145           84
                                    234          103          186          192
                                     58           23           54          179
                                     98          250           97
15559 102699   5 15 K A 2011-04-15 02:54:03  66.914  208.491  0.211 401654988
      2011-04-15 02:57:24  3         10          157           42          136
                                     76           55          202          198
                                     40          130          204           00
                                     00           00          172
15559 102699   9 15 L A 2011-04-15 02:55:43  66.915  208.486  0.210 401654988
      2011-04-15 02:57:24  2         10          157           42          136
                                     76           55          202          198
                                     40          130          204           00
                                     00           00          172
      2011-04-15 03:00:45  1         10          157           42          136
                                     76          183          202          198
                                     40          130          204           32
                                     00           00          172
15559 102699   9 15 M A 2011-04-15 04:09:25  66.915  208.481  0.208 401654991
      2011-04-15 04:11:06  2         10          157           42          136
                                     76           55          202          198
                                     40          130          204           00
                                     00           00          172
      2011-04-15 04:14:27  1         10          157           42          136
                                     76           55          202          198
                                     40          130          204           00
                                     00           16          172
15559 102699   9 15 L B 2011-04-15 04:37:54  66.914  208.482  0.209 401654992
      2011-04-15 04:37:54  1         10          157           42          136
                                     76           55          202          198
                                     40          130          204           00
                                     00           00          172
      2011-04-15 04:41:15  1         10          157           42          136
                                     76           55          138           22
                                     46          254           39          143
                                    255          254          198
15559 102699   5 15 A B 2011-04-15 04:39:34  66.916  208.488  0.210 401654992
      2011-04-15 04:41:15  2         10          157           42          136
                                     76           55          202          198
                                     40          130          204           00
                                     00           00          172
15559 102700   2  3 M 3 2011-04-14 18:14:18  66.914  208.473  0.207 401655957
      2011-04-14 18:20:58  9         64           00          234
15559 102700   2  3 K 3 2011-04-14 18:32:57  66.916  208.481  0.209 401655961
      2011-04-14 18:38:17  5         64           00          234
15559 102700   2  3 A 3 2011-04-14 18:41:37  66.915  208.482  0.209 401655961
      2011-04-14 18:44:57  6         64           00          234
15559 102700   2  3 L 3 2011-04-14 18:37:37  66.915  208.482  0.209 401655961
      2011-04-14 18:46:17 10         64           00          234
15559 102700   9 15 P 3 2011-04-14 19:05:35  66.915  208.485  0.209 401655961
      2011-04-14 19:11:35  1         10          157           00           97
                                    200          247          202          198
                                     40          130          196           00
                                     00           00          221
      2011-04-14 19:12:55  6         10          157           00           97
                                    200          247          202          198
                                     40          130          196           00
                                     00           00          125
15559 102700   5 15 N 3 2011-04-14 19:30:14  66.916  208.485  0.209 401655958
      2011-04-14 19:36:54  5         10          157           00           97
                                    200          247          202          198
                                     40          130          196           00
                                     00           00          125
15559 102700   9 15 M 3 2011-04-14 19:54:52  66.915  208.483  0.208 401655955
      2011-04-14 19:59:32  7         10          157           00           97
                                    200          247          202          198
                                     40          130          196           00
                                     00           00          125
      2011-04-14 20:02:12  2         10          157           00           97
                                    200          247          202          198
                                     40          130          197           41
                                    216           00           69
15559 102700   5 15 K 2 2011-04-14 20:14:51  66.916  208.480  0.208 401655953
      2011-04-14 20:16:51  4         10          157           00           97
                                    200          247          202          198
                                     40          130          197           41
                                    216           00           69
15559 102700   9 15 L 3 2011-04-14 20:16:51  66.915  208.483  0.209 401655953
      2011-04-14 20:20:51  1         10          157           00           97
                                    200          247          202          134
                                     40          130          197           41
                                    216           00           69
      2011-04-14 20:22:11  5         10          157           00           97
                                    200          247          202          198
                                     40          130          197           41
                                    216           00           69
15559 102700   5 15 A 3 2011-04-14 20:16:51  66.915  208.484  0.209 401655953
      2011-04-14 20:28:51 10         10          157           00           97
                                    200          247          202          198
                                     40          130          197           41
                                    216           00           69
15559 102700   5 15 P 3 2011-04-14 20:45:29  66.915  208.486  0.210 401655952
      2011-04-14 20:51:29  8         10          157           00           97
                                    200          247          202          198
                                     40          130          197           41
                                    216           00           69
15559 102700   9 15 N 3 2011-04-14 21:11:28  66.915  208.487  0.210 401655951
      2011-04-14 21:14:08  1         10          157           00           97
                                    200          247          202          198
                                     40          130          196          233
                                    196          147           98
      2011-04-14 21:15:28  4         10          157           00           97
                                    200          247          202          198
                                     40          130          196          233
                                    228          147           98
15559 102700   5 15 M 3 2011-04-14 21:34:06  66.915  208.483  0.209 401655951
      2011-04-14 21:36:47  5         10          157           00           97
                                    200          247          202          198
                                     40          130          196          233
                                    228          147           98
15559 102700   5 15 K 3 2011-04-14 21:53:45  66.915  208.485  0.209 401655951
      2011-04-14 21:56:45  4         10          157           00           97
                                    200          247          202          198
                                     40          130          196          233
                                    228          147           98
15559 102700   6 15 L 3 2011-04-14 21:56:05  66.914  208.484  0.209 401655951
      2011-04-14 21:59:25  4         10          157           00           97
                                    200          247          202          198
                                     40          130          196          233
                                    228          147           98
      2011-04-14 22:00:46  1         64           00          186
15559 102700   6 15 A A 2011-04-14 21:58:45  66.914  208.484  0.209 401655951
      2011-04-14 21:59:25  2         10          157           00           97
                                    200          247          202          198
                                     40          130          196          233
                                    228          147           98
      2011-04-14 22:00:46  1         64           00          186
15559 102700   2  3 N A 2011-04-15 00:35:19  66.915  208.494  0.212 401655951
      2011-04-15 00:37:01  3         64           00          186
15559 102700   2  3 M A 2011-04-15 00:50:27  66.911  208.492  0.212 401655958
      2011-04-15 00:57:12  3         64           00          186
15559 102700   5 15 K A 2011-04-15 01:14:00  66.916  208.490  0.211 401655961
      2011-04-15 01:17:22  3         10          157           42          136
                                     75          247          202          196
                                     40          130          204           00
                                     00           00          225
15559 102700   5 15 L B 2011-04-15 01:15:41  66.915  208.481  0.208 401655961
      2011-04-15 01:17:22  2         10          157           42          136
                                     75          247          202          196
                                     40          130          204           00
                                     00           00          225
15559 102700   5 15 A B 2011-04-15 01:17:22  66.914  208.478  0.208 401655962
      2011-04-15 01:20:44  2         10          157           42          136
                                     75          247          202          196
                                     40          130          204           00
                                     00           00          225
15559 102700   5 15 M A 2011-04-15 02:29:41  66.914  208.482  0.209 401655969
      2011-04-15 02:34:44  3         10          157           42          136
                                     75          247          202          196
                                     40          130          204           00
                                     00           00          225
15559 102700   5 15 K B 2011-04-15 02:54:54  66.914  208.483  0.209 401655971
      2011-04-15 02:54:54  1         10          157           42          136
                                     75          247          202          196
                                     40          130          204           00
                                     00           00          225
15559 102700   5 15 L 3 2011-04-15 02:54:54  66.914  208.481  0.208 401655970
      2011-04-15 03:01:38  4         10          157           42          136
                                     75          247          202          196
                                     40          130          204           00
                                     00           00          225
15559 102700   5 15 A A 2011-04-15 02:59:57  66.914  208.481  0.208 401655970
      2011-04-15 03:05:00  3         10          157           42          136
                                     75          247          202          196
                                     40          130          204           00
                                     00           00          225
15559 102700   5 15 M 3 2011-04-15 04:08:54  66.914  208.481  0.208 401655974
      2011-04-15 04:15:38  4         10          157           42          136
                                     75          247          202          196
                                     40          130          204           00
                                     00           00          225
15559 102700   5 15 L A 2011-04-15 04:35:48  66.916  208.484  0.209 401655974
      2011-04-15 04:39:10  3         10          157           42          136
                                     75          247          202          196
                                     40          130          204           00
                                     00           00          225
15559 102700   5 15 A A 2011-04-15 04:39:10  66.914  208.480  0.208 401655975
      2011-04-15 04:42:32  3         10          157           42          136
                                     75          247          202          196
                                     40          130          204           00
                                     00           00          225
15559 102701   2  3 M 3 2011-04-14 18:16:26  66.913  208.481  0.209 401656902
      2011-04-14 18:21:47  6         64           00          234
15559 102701   2  3 K A 2011-04-14 18:37:45  66.914  208.483  0.209 401656900
      2011-04-14 18:39:05  3         64           00          234
15559 102701   2  3 L 3 2011-04-14 18:39:05  66.915  208.479  0.208 401656901
      2011-04-14 18:44:25  7         64           00          234
15559 102701   3  3 A 3 2011-04-14 18:42:25  66.915  208.481  0.209 401656900
      2011-04-14 18:45:45  5         64           00          234
      2011-04-14 18:48:25  1         64           00          235
15559 102701   5 15 P A 2011-04-14 19:05:43  66.914  208.481  0.209 401656901
      2011-04-14 19:12:24  3         10          157           00           57
                                     78          119          202          198
                                     40          130          196           00
                                     00           00          209
15559 102701   5 15 N 3 2011-04-14 19:31:02  66.917  208.483  0.209 401656899
      2011-04-14 19:36:22  5         10          157           00           57
                                     78          119          202          198
                                     40          130          196           00
                                     00           00          209
15559 102701   9 15 M 3 2011-04-14 19:55:41  66.915  208.481  0.211 401656899
      2011-04-14 19:57:41  5         10          157           00           57
                                     78          119          202          198
                                     40          130          196           00
                                     00           00          209
      2011-04-14 20:01:41  3         10          157           00           57
                                     78          119          202          198
                                     40          130          196          234
                                    238           00           75
15559 102701   5 15 K B 2011-04-14 20:17:39  66.914  208.490  0.211 401656899
      2011-04-14 20:19:00  2         10          157           00           57
                                     78          119          202          198
                                     40          130          196          234
                                    238           00           75
15559 102701   9 15 L 3 2011-04-14 20:17:39  66.914  208.488  0.210 401656899
      2011-04-14 20:19:00  3         10          157           00           57
                                     78          119          202          198
                                     40          130          196          234
                                    238           00           75
      2011-04-14 20:22:59  1         10          157           00           57
                                     78          119          234          198
                                     40          138          196          234
                                    238           00           75
15559 102701   9 15 A 3 2011-04-14 20:24:19  66.916  208.480  0.208 401656899
      2011-04-14 20:19:00  1         26          157           00           57
                                     78          119          202          214
                                     40           02          196          234
                                    238           00           75
      2011-04-14 20:29:39  8         10          157           00           57
                                     78          119          202          198
                                     40          130          196          234
                                    238           00           75
15559 102701  17 15 P 3 2011-04-14 20:45:38  66.914  208.482  0.208 401656902
      2011-04-14 20:41:38  1         10          157           00           57
                                     78          119          202          198
                                     40           02          196          202
                                    254           00           75
      2011-04-14 20:42:58  1         10          157           00           57
                                     94          119          202          198
                                     40          130          196          234
                                    238           00           75
      2011-04-14 20:49:38  1         10          157           00           59
                                     78          119          202          198
                                     40          130          196          234
                                    238           00           75
      2011-04-14 20:52:18  6         10          157           00           57
                                     78          119          202          198
                                     40          130          196          234
                                    238           00           75
15559 102701   6 19 N 3 2011-04-14 21:10:59  66.912  208.483  0.209 401656906
      2011-04-14 21:16:19  7         10          157           00           57
                                     78          119          202          198
                                     40          130          196          211
                                    221          173          108           00
                                     00           00           42
15559 102701   6 19 M 3 2011-04-14 21:36:19  66.912  208.487  0.210 401656910
      2011-04-14 21:38:59  4         10          157           00           57
                                     78          119          202          198
                                     40          130          196          211
                                    221          173          108           00
                                     00           00           42
15559 102701   6 19 K B 2011-04-14 21:52:59  66.913  208.485  0.209 401656914
      2011-04-14 21:53:39  2         10          157           00           57
                                     78          119          202          198
                                     40          130          196          211
                                    221          173          108           00
                                     00           00           42
15559 102701   6 19 L B 2011-04-14 21:58:59  66.912  208.487  0.210 401656914
      2011-04-14 21:59:00  1         10          157           00           57
                                     78          119          202          198
                                     40          130          196          211
                                    221          173          104           32
                                    192           00           72
15559 102701   2  3 N B 2011-04-15 00:35:05  66.914  208.483  0.209 401656910
      2011-04-15 00:36:47  2         64           00          186
15559 102701   2  3 M B 2011-04-15 00:50:18  66.914  208.484  0.209 401656901
      2011-04-15 00:50:19  1         64           00          186
15559 102701   9 15 K A 2011-04-15 01:07:13  66.914  208.482  0.209 401656897
      2011-04-15 01:07:14  1         10          157           42          140
                                     73          247          202          198
                                     40          130          204           00
                                     00           00           08
      2011-04-15 01:14:00  2         10          157           42          136
                                     73          247          202          198
                                     40          130          204           00
                                     00           00           08
15559 102701   5 15 L B 2011-04-15 01:13:59  66.915  208.485  0.209 401656897
      2011-04-15 01:20:46  2         10          157           42          136
                                     73          247          202          198
                                     40          130          204           00
                                     00           00           08
15559 102701   5 15 A B 2011-04-15 01:20:45  66.914  208.486  0.210 401656897
      2011-04-15 01:24:09  2         10          157           42          136
                                     73          247          202          198
                                     40          130          204           00
                                     00           00           08
15559 102701   5 15 M B 2011-04-15 02:30:07  66.915  208.479  0.208 401656900
      2011-04-15 02:31:49  2         10          157           42          136
                                     73          247          202          198
                                     40          130          204           00
                                     00           00           08
15559 102701   5 15 K A 2011-04-15 02:53:48  66.916  208.484  0.209 401656901
      2011-04-15 02:55:30  3         10          157           42          136
                                     73          247          202          198
                                     40          130          204           00
                                     00           00           08
15559 102701   9 15 A B 2011-04-15 02:57:11  66.915  208.481  0.208 401656901
      2011-04-15 02:55:30  1         10          157           42          136
                                     09          247          234          198
                                     41          130          204           00
                                     00           00           08
      2011-04-15 02:58:53  1         10          157           42          136
                                     73          247          202          198
                                     40          130          204           00
                                     00           00           08
15559 102701   5 15 L B 2011-04-15 02:57:11  66.916  208.483  0.209 401656901
      2011-04-15 02:58:53  2         10          157           42          136
                                     73          247          202          198
                                     40          130          204           00
                                     00           00           08
15559 102701   5 15 M B 2011-04-15 04:09:55  66.915  208.478  0.208 401656904
      2011-04-15 04:13:19  2         10          157           42          136
                                     73          247          202          198
                                     40          130          204           00
                                     00           00           08
15559 102701   5 15 L 2 2011-04-15 04:35:18  66.916  208.488  0.210 401656905
      2011-04-15 04:43:46  4         10          157           42          136
                                     73          247          202          198
                                     40          130          204           00
                                     00           00           08
15559 102701   5 15 A 3 2011-04-15 04:38:41  66.915  208.484  0.209 401656905
      2011-04-15 04:43:46  4         10          157           42          136
                                     73          247          202          198
                                     40          130          204           00
                                     00           00           08
15559 102702   2  3 M 2 2011-04-14 18:15:14  66.916  208.448  0.202 401657828
      2011-04-14 18:21:54  9         64           00          234
15559 102702   2  3 K 2 2011-04-14 18:37:53  66.917  208.465  0.205 401657838
      2011-04-14 18:39:13  5         64           00          234
15559 102702   2  3 L 2 2011-04-14 18:37:13  66.917  208.463  0.203 401657842
      2011-04-14 18:44:33  8         64           00          234
15559 102702   2  3 A 3 2011-04-14 18:40:33  66.915  208.469  0.206 401657844
      2011-04-14 18:47:13  9         64           00          234
15559 102702   5 15 P 3 2011-04-14 19:06:31  66.914  208.483  0.209 401657847
      2011-04-14 19:12:31  7         10          157           00           45
                                     76          119          202          198
                                     40          130          204           00
                                     00           00          214
15559 102702   5 15 N 3 2011-04-14 19:29:50  66.917  208.488  0.210 401657845
      2011-04-14 19:37:50  9         10          157           00           45
                                     76          119          202          198
                                     40          130          204           00
                                     00           00          214
15559 102702   9 15 M 2 2011-04-14 19:54:28  66.916  208.485  0.200 401657839
      2011-04-14 19:57:49  6         10          157           00           45
                                     76          119          202          198
                                     40          130          204           00
                                     00           00          214
      2011-04-14 20:01:48  3         10          157           00           45
                                     76          119          202          198
                                     40          130          205           34
                                     04           00           46
15559 102702  10 15 K 3 2011-04-14 20:16:00  66.919  208.480  0.208 401657834
      2011-04-14 20:16:28  4         10          157           00           45
                                     76          119          202          198
                                     40          130          205           34
                                     04           00           46
      2011-04-14 20:17:47  1         10          157           00           45
                                     76          119          202          198
                                     40          130          205           34
                                     04           32           46
      2011-04-14 20:20:27  1         10          157           00
15559 102702   5 15 L 3 2011-04-14 20:17:07  66.917  208.481  0.208 401657834
      2011-04-14 20:21:47  5         10          157           00           45
                                     76          119          202          198
                                     40          130          205           34
                                     04           00           46
15559 102702   5 15 A 2 2011-04-14 20:17:47  66.914  208.490  0.211 401657832
      2011-04-14 20:29:47 10         10          157           00           45
                                     76          119          202          198
                                     40          130          205           34
                                     04           00           46
15559 102702   5 15 P 3 2011-04-14 20:45:05  66.914  208.491  0.212 401657826
      2011-04-14 20:53:45  9         10          157           00           45
                                     76          119          202          198
                                     40          130          205           34
                                     04           00           46
15559 102702   5 15 N 3 2011-04-14 21:10:24  66.916  208.490  0.211 401657820
      2011-04-14 21:17:44  9         10          157           00           45
                                     76          119          202          198
                                     40          130          205           27
                                     00          197           18
15559 102702   5 15 M 3 2011-04-14 21:34:22  66.915  208.484  0.209 401657818
      2011-04-14 21:37:43  6         10          157           00           45
                                     76          119          202          198
                                     40          130          205           27
                                     00          197           18
15559 102702   6 15 A B 2011-04-14 21:58:22  66.915  208.483  0.209 401657815
      2011-04-14 21:57:41  1         10          157           00           45
                                     76          119          202          198
                                     40          130          205           27
                                     00          197           18
      2011-04-14 21:59:03  1         64           00          186
15559 102702   6 15 K 3 2011-04-14 21:55:01  66.915  208.489  0.210 401657816
      2011-04-14 21:57:41  6         10          157           00           45
                                     76          119          202          198
                                     40          130          205           27
                                     00          197           18
      2011-04-14 21:59:03  1         64           00          186
15559 102702   6 15 L 3 2011-04-14 21:55:41  66.915  208.483  0.208 401657815
      2011-04-14 21:57:41  3         10          157           00           45
                                     76          119          202          198
                                     40          130          205           27
                                     00          197           18
      2011-04-14 21:59:03  1         64           00          186
15559 102702   2  3 N B 2011-04-15 00:37:05  66.915  208.485  0.209 401657814
      2011-04-15 00:37:06  2         64           00          186
15559 102702   2  3 M A 2011-04-15 00:50:41  66.910  208.489  0.211 401657817
      2011-04-15 00:57:29  3         64           00          186
15559 102702   5 15 K 0 2011-04-15 01:12:45  66.915  208.481  0.208 401657824
      2011-04-15 01:17:52  4         10          157           42          136
                                     75          183          202          196
                                     40          130          196           00
                                     00           00          234
15559 102702   5 15 L A 2011-04-15 01:16:09  66.912  208.479  0.208 401657825
      2011-04-15 01:21:15  3         10          157           42          136
                                     75          183          202          196
                                     40          130          196           00
                                     00           00          234
15559 102702   5 15 A A 2011-04-15 01:17:51  66.912  208.481  0.209 401657826
      2011-04-15 01:24:39  3         10          157           42          136
                                     75          183          202          196
                                     40          130          196           00
                                     00           00          234
15559 102702   5 15 N B 2011-04-15 02:18:59  66.913  208.479  0.209 401657839
      2011-04-15 02:19:00  1         10          157           42          136
                                     75          183          202          196
                                     40          130          196           00
                                     00           00          234
15559 102702   5 15 M A 2011-04-15 02:30:53  66.914  208.483  0.209 401657839
      2011-04-15 02:35:59  3         10          157           42          136
                                     75          183          202          196
                                     40          130          196           00
                                     00           00          234
15559 102702   5 15 K 2 2011-04-15 02:54:39  66.916  208.486  0.210 401657841
      2011-04-15 02:59:46  4         10          157           42          136
                                     75          183          202          196
                                     40          130          196           00
                                     00           00          234
15559 102702   5 15 A A 2011-04-15 02:59:45  66.914  208.479  0.208 401657841
      2011-04-15 03:03:09  3         10          157           42          136
                                     75          183          202          196
                                     40          130          196           00
                                     00           00          234
15559 102702   5 15 L 3 2011-04-15 02:56:21  66.914  208.479  0.209 401657841
      2011-04-15 03:03:09  4         10          157           42          136
                                     75          183          202          196
                                     40          130          196           00
                                     00           00          234
15559 102702   5 15 M A 2011-04-15 04:09:23  66.913  208.478  0.208 401657848
      2011-04-15 04:14:29  3         10          157           42          136
                                     75          183          202          196
                                     40          130          196           00
                                     00           00          234
15559 102702   5 15 L A 2011-04-15 04:36:33  66.916  208.490  0.210 401657850
      2011-04-15 04:41:40  3         10          157           42          136
                                     75          183          202          196
                                     40          130          196           00
                                     00           00          234
15559 102702   5 15 A A 2011-04-15 04:38:15  66.915  208.484  0.209 401657851
      2011-04-15 04:41:40  3         10          157           42          136
                                     75          183          202          196
                                     40          130          196           00
                                     00           00          234
15559 102703   2  3 M 3 2011-04-14 18:14:59  66.916  208.474  0.207 401658897
      2011-04-14 18:20:59  6         64           00          234
15559 102703   3  3 K 3 2011-04-14 18:38:17  66.916  208.478  0.208 401658899
      2011-04-14 18:38:18  4         64           00          234
      2011-04-14 18:39:38  1         64           04          234
15559 102703   2  3 L 3 2011-04-14 18:37:37  66.916  208.474  0.207 401658900
      2011-04-14 18:43:38  8         64           00          234
15559 102703   2  3 A 3 2011-04-14 18:39:37  66.915  208.480  0.208 401658901
      2011-04-14 18:46:17  4         64           00          234
15559 102703   5 15 P 3 2011-04-14 19:06:16  66.915  208.487  0.210 401658902
      2011-04-14 19:10:17  5         10          157           00           76
                                    204          119          202          196
                                     40          130          204           00
                                     00           00          118
15559 102703   5 15 N 3 2011-04-14 19:30:56  66.916  208.488  0.210 401658901
      2011-04-14 19:34:17  5         10          157           00           76
                                    204          119          202          196
                                     40          130          204           00
                                     00           00          118
15559 102703   9 15 M 2 2011-04-14 19:54:56  66.915  208.485  0.205 401658898
      2011-04-14 19:58:17  6         10          157           00           76
                                    204          119          202          196
                                     40          130          204           00
                                     00           00          118
      2011-04-14 20:01:07  2         10          157           00           76
                                    204          119          202          196
                                     40          130          205           56
                                     32           00          172
15559 102703   9 15 K 3 2011-04-14 20:17:07  66.915  208.477  0.208 401658894
      2011-04-14 20:18:28  1         10          157           00           76
                                    204          115           51           51
                                     51           51           51           51
                                     51           51          102
      2011-04-14 20:19:48  4         10          157           00           76
                                    204          119          202          196
                                     40          130          205           56
                                     32           00          172
15559 102703   5 15 L 3 2011-04-14 20:17:47  66.915  208.483  0.209 401658896
      2011-04-14 20:22:28  5         10          157           00           76
                                    204          119          202          196
                                     40          130          205           56
                                     32           00          172
15559 102703   9 15 A 3 2011-04-14 20:17:07  66.915  208.483  0.209 401658896
      2011-04-14 20:26:28  1         10          157           00           76
                                    204          119          202          196
                                     40          130          199           15
                                     31           15          195
      2011-04-14 20:29:08  9         10          157           00           76
                                    204          119          202          196
                                     40          130          205           56
                                     32           00          172
15559 102703   5 15 P 3 2011-04-14 20:47:07  66.914  208.485  0.209 401658894
      2011-04-14 20:51:48  6         10          157           00           76
                                    204          119          202          196
                                     40          130          205           56
                                     32           00          172
15559 102703  36 19 N 3 2011-04-14 21:11:03  66.914  208.485  0.209 401658895
      2011-04-14 21:08:24  1         30          157           01           76
                                     76          119          200          193
                                     38          202          230          141
                                     48          137           83           00
                                    128           00          216
      2011-04-14 21:09:44  1         10          157           00           76
                                    204          119          202          196
                                     40          130          204          200
                                     00           09          211           00
                                     00           00          220
      2011-04-14 21:11:04  1         10          157           00           76
                                    204          119          202          196
                                     40          134          204          204
                                     00           12          209           00
                                     00           01          220
      2011-04-14 21:12:24  1         10          157           00           76
                                    204          119          202          196
                                     40          146          204          152
                                    100          152           89           00
                                     00           00          204
      2011-04-14 21:13:44  1         11          189          137           08
                                    218          103          142           18
                                     62          200          151          179
                                    127          243           31          119
                                    179          100          146
      2011-04-14 21:15:04  1         10           13           00           76
                                    230           87          202          197
                                     44          132          236          137
                                     66           12           87           08
                                    136           96          220
      2011-04-14 21:16:24  1         74          157           09           06
                                     68          119           64          206
                                    138          100           90           77
                                    249           99          140          176
                                     96           04           37
15559 102703   6 19 M A 2011-04-14 21:37:03  66.913  208.485  0.209 401658895
      2011-04-14 21:39:03  3         10          157           00           76
                                    204          119          202          196
                                     40          130          204          200
                                     00           09          211           00
                                     00           00          220
15559 102703  11 19 K 3 2011-04-14 21:55:03  66.913  208.485  0.209 401658898
      2011-04-14 21:56:23  1         10          157           00           76
                                    204          119          202          196
                                     40          130          204          232
                                     00           09          211           00
                                     00           00          220
      2011-04-14 21:57:43  4         10          157           00           76
                                    204          119          202          196
                                     40          130          204          200
                                     00           09          211           00
                                     00           00          220
15559 102703   6 19 L A 2011-04-14 21:55:43  66.913  208.481  0.208 401658897
      2011-04-14 21:57:43  3         10          157           00           76
                                    204          119          202          196
                                     40          130          204          200
                                     00           09          211           00
                                     00           00          220
15559 102703   6 19 A B 2011-04-14 21:59:03  66.913  208.481  0.209 401658898
      2011-04-14 21:59:03  1         10          157           00           76
                                    204          119          202          196
                                     40          130          204          200
                                     00           09          211           00
                                     00           00          220
15559 102703   2  3 N B 2011-04-15 00:35:07  66.913  208.480  0.208 401658898
      2011-04-15 00:36:50  2         64           00          186
15559 102703   2  3 M B 2011-04-15 00:50:29  66.913  208.481  0.208 401658895
      2011-04-15 00:50:30  1         64           00          186
15559 102703   5 15 K B 2011-04-15 01:12:42  66.914  208.480  0.208 401658892
      2011-04-15 01:14:25  2         10          157           42          136
                                     76          247          202          198
                                     40          130          196           00
                                     00           00          162
15559 102703   9 15 L B 2011-04-15 01:17:49  66.914  208.481  0.208 401658892
      2011-04-15 01:17:50  1         10          157           42          136
                                     76          247          202          198
                                     40          130          196           00
                                     00           00          162
      2011-04-15 01:21:15  1         10          157           42          136
                                     76          247          202          198
                                     40          130          196           00
                                     00           00          160
15559 102703  13 15 A A 2011-04-15 01:17:49  66.914  208.486  0.210 401658893
      2011-04-15 01:17:50  1         10          157           42          136
                                     76          247          202          198
                                     40          130          196           00
                                     00           00          162
      2011-04-15 01:21:15  1         11          157           42          136
                                     76          247          202          198
                                     40          130          196           00
                                     00           00           03
      2011-04-15 01:24:40  1         10          157           42          136
                                     76          247          202          198
                                     40          130           76           00
                                     00           00          162
15559 102703   5 15 N B 2011-04-15 02:19:19  66.915  208.483  0.210 401658901
      2011-04-15 02:19:20  1         10          157           42          136
                                     76          247          202          194
                                     44          130          192           00
                                     00           00          162
15559 102703   5 15 M B 2011-04-15 02:32:59  66.915  208.482  0.210 401658903
      2011-04-15 02:33:00  1         10          157           42          136
                                     76          247          202          198
                                     40          130          196           00
                                     00           00          162
15559 102703   5 15 K B 2011-04-15 02:56:54  66.914  208.486  0.210 401658905
      2011-04-15 02:56:55  1         10          157           42          136
                                     76          247          202          198
                                     40          130          196           00
                                     00           00          162
15559 102703   5 15 L B 2011-04-15 02:56:54  66.914  208.486  0.210 401658906
      2011-04-15 03:00:20  2         10          157           42          136
                                     76          247          202          198
                                     40          130          196           00
                                     00           00          162
15559 102703   5 15 A B 2011-04-15 02:58:37  66.915  208.486  0.210 401658905
      2011-04-15 03:00:20  2         10          157           42          136
                                     76          247          202          198
                                     40          130          196           00
                                     00           00          162
15559 102703   5 15 M A 2011-04-15 04:10:22  66.914  208.482  0.209 401658911
      2011-04-15 04:15:30  3         10          157           42          136
                                     76          247          202          198
                                     40          130          196           00
                                     00           00          162
15559 102703   5 15 A A 2011-04-15 04:39:24  66.915  208.485  0.209 401658913
      2011-04-15 04:42:50  3         10          157           42          136
                                     76          247          202          198
                                     40          130          196           00
                                     00           00          162
15559 102703   9 15 L 3 2011-04-15 04:35:59  66.916  208.489  0.211 401658913
      2011-04-15 04:32:35  1         10          157           42          136
                                     76          247          203          134
                                     48          130          196           00
                                     00           00          162
      2011-04-15 04:42:50  3         10          157           42          136
                                     76          247          202          198
                                     40          130          196           00
                                     00           00          162
15559 102704   2  3 M 2 2011-04-14 18:14:33  66.915  208.466  0.206 401659820
      2011-04-14 18:21:14  7         64           00          234
15559 102704   2  3 K 2 2011-04-14 18:33:14  66.917  208.478  0.208 401659826
      2011-04-14 18:38:35  4         64           00          234
15559 102704   2  3 A 3 2011-04-14 18:40:11  66.916  208.476  0.208 401659828
      2011-04-14 18:43:55  5         64           00          234
15559 102704   2  3 L 3 2011-04-14 18:37:55  66.917  208.471  0.207 401659828
      2011-04-14 18:45:15  9         64           00          234
15559 102704   5 15 P 3 2011-04-14 19:05:16  66.915  208.481  0.209 401659828
      2011-04-14 19:13:17  6         10          157           00          126
                                     77          183          202          198
                                     40          130          196           00
                                     00           00          154
15559 102704   5 15 N 3 2011-04-14 19:30:37  66.916  208.485  0.210 401659828
      2011-04-14 19:37:17  7         10          157           00          126
                                     77          183          202          198
                                     40          130          196           00
                                     00           00          154
15559 102704   5 15 M 2 2011-04-14 19:54:37  66.915  208.486  0.209 401659827
      2011-04-14 19:58:37  7         10          157           00          126
                                     77          183          202          198
                                     40          130          196           00
                                     00           00          154
15559 102704   5 15 K B 2011-04-14 20:15:56  66.915  208.483  0.209 401659825
      2011-04-14 20:17:17  2         10          157           00          126
                                     77          183          202          198
                                     40          130          197           34
                                    220           00          223
15559 102704   5 15 L 3 2011-04-14 20:17:16  66.915  208.485  0.209 401659825
      2011-04-14 20:22:37  7         10          157           00          126
                                     77          183          202          198
                                     40          130          197           34
                                    220           00          223
15559 102704   5 15 A 3 2011-04-14 20:17:16  66.915  208.484  0.209 401659825
      2011-04-14 20:30:37 11         10          157           00          126
                                     77          183          202          198
                                     40          130          197           34
                                    220           00          223
15559 102704  17 15 P 3 2011-04-14 20:45:56  66.914  208.485  0.209 401659825
      2011-04-14 20:42:37  1         10          157           00          126
                                     73          183          202          198
                                     40          130          197           34
                                    220           00          223
      2011-04-14 20:43:57  1         10          157           00          126
                                     77          183          202          198
                                     40          130          197           34
                                    220           00          223           92
                                     46           16          201           66
                                     39          140          212          108
                                    118          185           65          250
                                    153           58          120
      2011-04-14 20:53:17  7         10          157           00          126
                                     77          183          202          198
                                     40          130          197           34
                                    220           00          223
15559 102704   6 19 N 3 2011-04-14 21:10:36  66.914  208.485  0.209 401659825
      2011-04-14 21:17:17  8         10          157           00          126
                                     77          183          202          198
                                     40          130          196          226
                                    206          237           64           00
                                     00           00          156
15559 102704   6 19 M 3 2011-04-14 21:34:56  66.914  208.485  0.209 401659826
      2011-04-14 21:37:17  4         10          157           00          126
                                     77          183          202          198
                                     40          130          196          226
                                    206          237           64           00
                                     00           00          156
15559 102704  11 19 K 3 2011-04-14 21:56:36  66.914  208.484  0.209 401659826
      2011-04-14 21:55:57  1         10          157           64          126
                                     77          182          202          210
                                     40          130          196          226
                                    206          237           64           00
                                     00           00          156
      2011-04-14 21:59:57  5         10          157           00          126
                                     77          183          202          198
                                     40          130          196          226
                                    206          237           64           00
                                     00           00          156
15559 102704  11 19 L 3 2011-04-14 21:56:36  66.914  208.483  0.209 401659825
      2011-04-14 21:59:57  4         10          157           00          126
                                     77          183          202          198
                                     40          130          196          226
                                    206          237           64           00
                                     00           00          156
      2011-04-14 22:01:18  1         10          157           00          126
                                     77          183          202          198
                                     40          130          196          219
                                    103          123           75           26
                                     00           00           16
15559 102704  11 19 A 3 2011-04-14 21:58:36  66.914  208.485  0.209 401659826
      2011-04-14 21:59:57  3         10          157           00          126
                                     77          183          202          198
                                     40          130          196          226
                                    206          237           64           00
                                     00           00          156
      2011-04-14 22:01:18  1         10          157           00          126
                                     77          183          202          198
                                     40          130          196          219
                                    103          123           75           26
                                     00           00           16
15559 102704   2  3 N B 2011-04-15 00:36:52  66.914  208.495  0.213 401659827
      2011-04-15 00:36:53  1         64           00          186
15559 102704   2  3 M A 2011-04-15 00:50:36  66.914  208.487  0.210 401659829
      2011-04-15 00:57:28  3         64           00          186
15559 102704   5 15 K A 2011-04-15 01:14:38  66.913  208.481  0.208 401659831
      2011-04-15 01:18:04  3         10          157           42          136
                                     72          119          202          198
                                     40          130          204           00
                                     00           00           07
15559 102704   5 15 L A 2011-04-15 01:16:21  66.914  208.482  0.209 401659830
      2011-04-15 01:21:31  3         10          157           42          136
                                     72          119          202          198
                                     40          130          204           00
                                     00           00           07
15559 102704   5 15 A A 2011-04-15 01:18:04  66.915  208.482  0.209 401659830
      2011-04-15 01:24:56  3         10          157           42          136
                                     72          119          202          198
                                     40          130          204           00
                                     00           00           07
15559 102704   5 15 M A 2011-04-15 02:30:10  66.914  208.482  0.209 401659834
      2011-04-15 02:37:02  3         10          157           42          136
                                     72          119          202          198
                                     40          130          204           00
                                     00           00           07
15559 102704   5 15 K A 2011-04-15 02:55:55  66.914  208.483  0.209 401659835
      2011-04-15 02:57:38  3         10          157           42          136
                                     72          119          202          198
                                     40          130          204           00
                                     00           00           07
15559 102704   5 15 L A 2011-04-15 02:55:55  66.914  208.480  0.208 401659834
      2011-04-15 03:01:04  3         10          157           42          136
                                     72          119          202          198
                                     40          130          204           00
                                     00           00           07
15559 102704   5 15 A B 2011-04-15 02:59:21  66.915  208.480  0.208 401659834
      2011-04-15 03:01:04  2         10          157           42          136
                                     72          119          202          198
                                     40          130          204           00
                                     00           00           07
15559 102704   5 15 M A 2011-04-15 04:09:44  66.914  208.483  0.209 401659837
      2011-04-15 04:16:36  3         10          157           42          136
                                     72          119          202          198
                                     40          130          204           00
                                     00           00           07
15559 102704   5 15 A 3 2011-04-15 04:38:55  66.915  208.484  0.209 401659838
      2011-04-15 04:44:04  4         10          157           42          136
                                     72          119          202          198
                                     40          130          204           00
                                     00           00           07
15559 102704   5 15 L 3 2011-04-15 04:35:29  66.916  208.490  0.211 401659838
      2011-04-15 04:44:04  4         10          157           42          136
                                     72          119          202          198
                                     40          130          204           00
                                     00           00           07
15559 102705   4  3 M 3 2011-04-14 18:15:20  66.915  208.469  0.206 401660973
      2011-04-14 18:19:21  7         64           00          234
      2011-04-14 18:20:41  1         66           00          234
      2011-04-14 18:22:00  1         64           04          234
15559 102705   2  3 K 2 2011-04-14 18:37:59  66.916  208.479  0.208 401660978
      2011-04-14 18:39:19  5         64           00          234
15559 102705   2  3 L 3 2011-04-14 18:37:59  66.916  208.480  0.208 401660979
      2011-04-14 18:43:19  8         64           00          234
15559 102705   2  3 A 3 2011-04-14 18:41:59  66.916  208.481  0.208 401660979
      2011-04-14 18:44:39  4         64           00          234
15559 102705   5 15 P 3 2011-04-14 19:05:57  66.914  208.484  0.209 401660980
      2011-04-14 19:11:18  7         10          157           00           87
                                     75          247          202          198
                                     40          130          196           00
                                     00           00           14
15559 102705   5 15 N 3 2011-04-14 19:29:56  66.914  208.489  0.210 401660977
      2011-04-14 19:35:16  7         10          157           00           87
                                     75          247          202          198
                                     40          130          196           00
                                     00           00           14
15559 102705   9 15 M 3 2011-04-14 19:54:34  66.914  208.487  0.208 401660974
      2011-04-14 19:59:15  7         10          157           00           87
                                     75          247          202          198
                                     40          130          196           00
                                     00           00           14
      2011-04-14 20:03:15  1         10          157           00           87
                                     75          247          202          198
                                     40          130          197           41
                                     08           00          163
15559 102705   5 15 K 3 2011-04-14 20:17:14  66.915  208.485  0.209 401660972
      2011-04-14 20:20:34  6         10          157           00           87
                                     75          247          202          198
                                     40          130          197           41
                                     08           00          163
15559 102705   5 15 L 3 2011-04-14 20:17:14  66.914  208.486  0.209 401660972
      2011-04-14 20:23:14  7         10          157           00           87
                                     75          247          202          198
                                     40          130          197           41
                                     08           00          163
15559 102705   5 15 A 3 2011-04-14 20:17:54  66.915  208.483  0.209 401660972
      2011-04-14 20:27:14  8         10          157           00           87
                                     75          247          202          198
                                     40          130          197           41
                                     08           00          163
15559 102705   5 15 P 3 2011-04-14 20:45:12  66.914  208.487  0.210 401660973
      2011-04-14 20:52:33  9         10          157           00           87
                                     75          247          202          198
                                     40          130          197           41
                                     08           00          163
15559 102705   9 15 N 3 2011-04-14 21:09:03  66.915  208.487  0.210 401660973
      2011-04-14 21:07:12  1         10          157           00           87
                                     75          247          202          198
                                     40          130          197           33
                                     07           48          192
      2011-04-14 21:17:51  8         10          157           00           87
                                     75          247          202          198
                                     40          130          197           41
                                     07           48          192
15559 102705  13 15 M 3 2011-04-14 21:35:09  66.914  208.483  0.210 401660972
      2011-04-14 21:36:30  4         10          157           00           87
                                     75          247          202          198
                                     40          130          197           41
                                     07           48          192
      2011-04-14 21:37:50  1         10          157           00           87
                                     75          247          202          198
                                     40          150          196           91
                                     79           61          164
      2011-04-14 21:39:10  1         10          157           00          215
                                    115           51           51           51
                                     51           51           51           51
                                    102          102          102
15559 102705   5 15 K 3 2011-04-14 21:55:08  66.914  208.487  0.210 401660972
      2011-04-14 21:59:09  7         10          157           00           87
                                     75          247          202          198
                                     40          130          197           41
                                     07           48          192
15559 102705   5 15 L 2 2011-04-14 21:55:48  66.914  208.483  0.208 401660972
      2011-04-14 21:59:09  4         10          157           00           87
                                     75          247          202          198
                                     40          130          197           41
                                     07           48          192
15559 102705   5 15 A B 2011-04-14 21:58:28  66.914  208.483  0.209 401660972
      2011-04-14 21:59:09  2         10          157           00           87
                                     75          247          202          198
                                     40          130          197           41
                                     07           48          192
15559 102705   2  3 N A 2011-04-15 00:35:30  66.915  208.494  0.212 401660975
      2011-04-15 00:37:14  3         64           00          186
15559 102705   2  3 M A 2011-04-15 00:51:01  66.913  208.492  0.212 401660981
      2011-04-15 00:57:55  3         64           00          186
15559 102705   5 15 K 1 2011-04-15 01:13:25  66.916  208.487  0.210 401660984
      2011-04-15 01:18:36  4         10          157           42          136
                                     74          183          202          196
                                     40          130          196           00
                                     00           00          224
15559 102705   5 15 A B 2011-04-15 01:18:35  66.914  208.482  0.209 401660985
      2011-04-15 01:22:02  2         10          157           42          136
                                     74          183          202          196
                                     40          130          196           00
                                     00           00          224
15559 102705   5 15 L A 2011-04-15 01:16:52  66.913  208.482  0.208 401660985
      2011-04-15 01:22:02  3         10          157           42          136
                                     74          183          202          196
                                     40          130          196           00
                                     00           00          224
15559 102705   5 15 M A 2011-04-15 02:29:14  66.913  208.482  0.209 401660994
      2011-04-15 02:34:25  3         10          157           42          136
                                     74          183          202          196
                                     40          130          196           00
                                     00           00          224
15559 102705   5 15 K 2 2011-04-15 02:55:05  66.914  208.492  0.212 401660996
      2011-04-15 02:58:33  4         10          157           42          136
                                     74          183          202          196
                                     40          130          196           00
                                     00           00          224
15559 102705   5 15 L 2 2011-04-15 02:55:05  66.913  208.478  0.209 401660995
      2011-04-15 03:02:00  4         10          157           42          136
                                     74          183          202          196
                                     40          130          196           00
                                     00           00          224
15559 102705   5 15 A B 2011-04-15 03:00:16  66.914  208.477  0.208 401660995
      2011-04-15 03:02:00  2         10          157           42          136
                                     74          183          202          196
                                     40          130          196           00
                                     00           00          224
15559 102705   5 15 M A 2011-04-15 04:09:12  66.913  208.478  0.208 401661002
      2011-04-15 04:14:22  3         10          157           42          136
                                     74          183          202          196
                                     40          130          196           00
                                     00           00          224
15559 102705   5 15 A B 2011-04-15 04:38:29  66.916  208.483  0.209 401661004
      2011-04-15 04:41:57  2         10          157           42          136
                                     74          183          202          196
                                     40          130          196           00
                                     00           00          224
15559 102705   5 15 L A 2011-04-15 04:36:46  66.916  208.485  0.209 401661003
      2011-04-15 04:41:57  3         10          157           42          136
                                     74          183          202          196
                                     40          130          196           00
                                     00           00          224


